10000000.0	730,TRANSFER,1.0E7,C2140038573,1.731625505E7,1.731625505E7,C1395467927,0.0,0.0,1,1
10000000.0	646,TRANSFER,1.0E7,C19004745,1.039904508E7,1.039904508E7,C1806199534,0.0,0.0,1,1
10000000.0	425,TRANSFER,1.0E7,C689608084,1.958504037E7,1.958504037E7,C1392803603,0.0,0.0,1,1
9585040.37	425,TRANSFER,9585040.37,C452586515,1.958504037E7,1.958504037E7,C1109166882,0.0,0.0,1,1
7316255.05	730,TRANSFER,7316255.05,C1869569059,1.731625505E7,1.731625505E7,C1861208726,0.0,0.0,1,1
5674547.89	741,TRANSFER,5674547.89,C992223106,5674547.89,5674547.89,C1366804249,0.0,0.0,1,1
4953893.08	212,TRANSFER,4953893.08,C728984460,4953893.08,4953893.08,C639921569,0.0,0.0,1,1
4892193.09	387,TRANSFER,4892193.09,C908544136,4892193.09,4892193.09,C891140444,0.0,0.0,1,1
3576297.1	554,TRANSFER,3576297.1,C193696150,3576297.1,3576297.1,C484597480,0.0,0.0,1,1
3441041.46	671,TRANSFER,3441041.46,C917414431,3441041.46,3441041.46,C1082139865,0.0,0.0,1,1
